*, #UxU
1, 20, 4695, 0.00424178154825
1, 30, 4685, 0.00636267232238
1, 23, 4692, 0.00487804878049
1, 20, 4692, 0.00487804878049
-
1, 318, 9112, 0.0337221633086
1, 285, 9145, 0.0302226935313
1, 317, 9113, 0.0336161187699
1, 312, 9118, 0.0330858960764
-
1, 685, 13460, 0.0484270060092
1, 755, 13390, 0.0533757511488
1, 677, 13468, 0.0478614351361
1, 733, 13412, 0.0518204312478
-
1, 1510, 16710, 0.082875960483
1, 1515, 16705, 0.0831503841932
1, 1539, 16681, 0.0844676180022
1, 1547, 16673, 0.0849066959385
-
'*', #UxU 10
1, 24, 4691, 0.0050901378579
2, 30, 4685, 0.00636267232238
1, 28, 4687, 0.00593849416755
2, 43, 4672, 0.00911983032874
1, 22, 4693, 0.00466595970308
2, 30, 4685, 0.00636267232238
1, 20, 4695, 0.00424178154825
2, 32, 4683, 0.0067868504772
-
1, 311, 9119, 0.0329798515376
2, 295, 9135, 0.0312831389183
1, 299, 9131, 0.0317073170732
2, 273, 9157, 0.0289501590668
1, 345, 9085, 0.0365853658537
2, 296, 9134, 0.0313891834571
1, 320, 9110, 0.033934252386
2, 256, 9174, 0.0271474019088
-
1, 708, 13437, 0.0500530222694
2, 734, 13411, 0.0518911276069
1, 711, 13434, 0.0502651113468
2, 692, 13453, 0.0489218805232
1, 716, 13429, 0.0506185931425
2, 688, 13457, 0.0486390950866
1, 700, 13445, 0.0494874513963
2, 696, 13449, 0.0492046659597
-
1, 1487, 16693, 0.0817931793179
2, 937, 17243, 0.0515401540154
1, 1575, 16605, 0.0866336633663
2, 899, 17281, 0.0494499449945
1, 1492, 16688, 0.0820682068207
2, 880, 17300, 0.048404840484
1, 1503, 16677, 0.0826732673267
2, 914, 17266, 0.0502750275028
-
'*', #UxU 20
1, 24, 4691, 0.0050901378579
2, 37, 4678, 0.00784729586426
1, 24, 4691, 0.0050901378579
2, 31, 4684, 0.00657476139979
1, 14, 4701, 0.00296924708378
2, 26, 4689, 0.00551431601273
1, 16, 4699, 0.0033934252386
2, 38, 4677, 0.00805938494168
-
1, 323, 9107, 0.0342523860021
2, 297, 9133, 0.0314952279958
1, 310, 9120, 0.0328738069989
2, 305, 9125, 0.0323435843054
1, 314, 9116, 0.0332979851538
2, 284, 9146, 0.0301166489926
1, 273, 9157, 0.0289501590668
2, 288, 9142, 0.0305408271474
-
1, 698, 13447, 0.049346058678
2, 715, 13430, 0.0505478967833
1, 664, 13481, 0.0469423824673
2, 739, 13406, 0.0522446094026
1, 729, 13416, 0.0515376458112
2, 698, 13447, 0.049346058678
1, 705, 13440, 0.0498409331919
2, 695, 13450, 0.0491339696006
-
1, 1505, 16555, 0.0833333333333
2, 883, 17177, 0.0488925802879
1, 1539, 16521, 0.0852159468439
2, 880, 17180, 0.0487264673311
1, 1492, 16548, 0.0827050997783
2, 914, 17126, 0.0506651884701
1, 1535, 16525, 0.0849944629014
2, 899, 17161, 0.0497785160576
-
'*', #IxI
1, 2, 4713, 0.000424178154825
2, 97, 4618, 0.020572640509
1, 1, 4714, 0.000212089077413
2, 95, 4620, 0.0201484623542
1, 2, 4713, 0.000424178154825
2, 88, 4627, 0.0186638388123
1, 2, 4713, 0.000424178154825
2, 102, 4613, 0.0216330858961
-
1, 4, 9426, 0.000424178154825
2, 582, 8848, 0.061717921527
1, 3, 9427, 0.000318133616119
2, 554, 8876, 0.0587486744433
1, 7, 9423, 0.000742311770944
2, 861, 8869, 0.0594909862142
1, 7, 9423, 0.000742311770944
2, 580, 8850, 0.0615058324496
-
1, 12, 14133, 0.00084835630965
2, 1117, 13028, 0.0789678331566
1, 18, 14127, 0.00127253446448
2, 1137, 14129, 0.0803817603393
1, 16, 14129, 0.0011311417462
2, 1162, 12983, 0.0821491693178
1, 12, 14133, 0.00084835630965
2, 1094, 13051, 0.0773418168964
-
1, 24, 18196, 0.001317233809
2, 990, 17230, 0.0543358946213
1, 20, 18200, 0.00109769484083
2, 1004, 17216, 0.0551042810099
1, 22, 18198, 0.00120746432492
2, 956, 17264, 0.0524698133919
1, 27, 18193, 0.00148188803513
2, 984, 17236, 0.054006586169
-
'*', #IxI 10
1, 3, 4712, 0.000636267232238
2, 85, 4630, 0.0180275715801
1, 3, 4712, 0.000636267232238
2, 99, 4616, 0.0209968186638
1, 2, 4713, 0.000424178154825
2, 87, 4628, 0.0184517497349
1, 1, 4714, 0.000212089077413
2, 102, 4613, 0.0216330858961
-
1, 8, 9422, 0.00084835630965
2, 575, 8855, 0.0609756097561
1, 7, 9423, 0.000742311770944
2, 543, 8887, 0.0575821845175
1, 8, 9422, 0.00084835630965
2, 517, 8913, 0.0548250265111
1, 10, 9420, 0.00106044538706
2, 547, 8883, 0.0580063626723
-
1, 11, 14134, 0.000777659950513
2, 1174, 12971, 0.0829975256274
1, 8, 14137, 0.0005655708731
2, 1124, 13021, 0.0794627076706
1, 16, 14129, 0.0011311417462
2, 1081, 13064, 0.0764227642276
1, 13, 14132, 0.000919052668788
2, 1094, 1119, 0.0791092258749
-
1, 35, 18145, 0.00192519251925
2, 999, 17181, 0.0549504950495
1, 23, 18157, 0.00126512651265
2, 996, 17184, 0.0547854785479
1, 31, 18149, 0.00170517051705
2, 957, 17223, 0.0526402640264
1, 32, 18148, 0.0017601760176
2, 934, 17246, 0.0513751375138
-
'*', #IxI 20
1, 4, 4711, 0.00084835630965
2, 117, 4598, 0.0248144220573
1, 2, 4713, 0.000424178154825
2, 115, 4600, 0.0243902439024
1, 2, 4713, 0.000424178154825
2, 107, 4608, 0.0226935312831
1, 4, 4711, 0.00084835630965
2, 124, 4591, 0.0262990455992
-
1, 10, 9420, 0.00106044538706
2, 563, 8867, 0.0597030752916
1, 12, 9418, 0.00127253446448
2, 582, 8848, 0.061717921527
1, 12, 9418, 0.00127253446448
2, 555, 8875, 0.058854718982
1, 13, 9417, 0.00137857900318
2, 578, 8852, 0.0612937433722
-
1, 17, 14128, 0.00120183810534
2, 1054, 13091, 0.0745139625309
1, 13, 14132, 0.000919052668788
2, 1145, 13000, 0.0809473312124
1, 28, 14117, 0.00197949805585
2, 1179, 12966, 0.0833510074231
1, 16, 14129, 0.0011311417462
2, 1137, 13008, 0.0803817603393
-
1, 33, 18027, 0.00182724252492
2, 929, 17131, 0.0514396456257
1, 47, 18013, 0.00260243632337
2, 1005, 17055, 0.0556478405316
1, 37, 18003, 0.00205099778271
2, 903, 17137, 0.0500554323725
1, 35, 18025, 0.00193798449612
2, 939, 17121, 0.0519933554817
-